103208
108868
112484
134834
138651
158970
162272
175970
178096
191560
191881
197507
203978
217710
233047
237907
244200
249753
263963
266138
293677
298375
302984
304026
323068
352481
377117
387595
412557
436245
439935
442265
459659
461689
466017
479849
501565
509203
519186
530122
532274
540582
553044
557390
561911
563775
567040
576044
579033
591795
592393
598498
605796
622622
627987
632988
642499
645428
657154
657797
668607
670542
674116
681262
685210
693099
694366
694456
700345
719883
720694
729884
744923
760520
764512
769688
781237
782592
791874
795555
816437
824050
824732
828603
850390
856754
861204
887134
888285
893719
896826
902943
925507
933856
942114
942884
957808
960187
986588
987382
