101708
102352
102778
103237
103610
104585
105713
106405
107487
108325
108729
109504
109996
111135
111291
111997
112668
115324
117938
118876
120312
120850
122289
123428
124661
125510
125934
127863
129003
129965
133462
133940
134584
134997
135100
135199
136197
137000
138819
139201
139349
139445
139649
140089
140459
140529
141188
142373
142849
143883
143930
144705
145941
147249
149611
150631
152061
152892
153062
153905
156335
156743
156840
157228
158956
160102
162618
165179
165327
165372
166488
167056
167089
167895
167920
168791
169009
169226
170064
171659
172023
172052
172933
174987
177534
177863
178195
178457
182173
182791
184001
184018
184411
184663
185841
187262
187741
188030
190553
191414
192944
193898
194546
199156
199274
200722
203081
204010
204252
204500
204515
204539
206152
206468
207152
208915
209079
211129
211438
211548
211635
214205
214563
216450
216539
218478
220971
222169
222227
223542
224973
225035
226019
227064
227906
228095
228733
230323
230617
230984
231313
232345
232941
233744
234440
235176
236578
237745
238053
238057
238159
238228
238275
238360
238805
239658
240651
240783
242289
243092
243205
243454
244647
245319
248290
250202
250832
250997
252642
253698
254957
255311
259024
259718
264491
264623
266531
267595
268301
268326
269314
269972
270863
272821
273198
273322
275266
276027
277886
278840
279046
281929
282341
283063
284167
284985
287077
287266
288310
290084
294015
294053
294462
294485
295539
296338
296416
296988
299970
301260
303877
303952
304348
304565
305204
305516
305902
306773
310817
311638
312502
313489
313528
313532
314433
314666
315054
315600
317385
317420
318572
319737
319758
319812
319992
322545
323524
324299
324405
325227
326914
328147
328358
328514
329256
330259
331335
332516
332709
335299
335438
335446
335809
336487
338309
342502
343840
344238
345267
346443
347294
349048
350314
353855
353985
354014
354720
355253
355275
355987
356436
356469
356488
356593
358972
361307
361846
362072
363358
364156
364244
364777
364984
367506
368083
368170
368479
369338
372557
372972
374260
374295
375116
376013
376149
376641
379818
380041
380444
380659
380943
381775
381938
382418
383635
385636
386334
386764
388342
388871
389501
390474
390719
390757
391412
392937
393332
393392
393502
393592
395218
397101
399527
399991
400930
401389
402736
404033
404352
404551
405003
406015
406189
406324
406609
406611
407263
408441
409009
409827
409959
410500
410730
412530
414759
416280
419602
421575
421806
421879
423189
424281
428707
430826
431280
432773
434384
435068
437550
437665
439730
440316
442154
442651
442736
443487
446040
446609
447543
448602
449579
449810
450950
451144
451348
452163
452642
452810
453150
453672
454005
454895
455211
455902
456377
456930
457001
457015
457223
459058
459960
460863
461128
462350
462835
463975
464065
465386
465954
466463
468769
469305
469416
469926
470817
471675
473287
476145
476466
477703
479000
479868
481222
481285
483866
486121
486802
489074
491903
492086
492322
492812
493324
497542
497574
499244
500347
500717
501345
501431
503183
503273
504554
505077
505123
506123
508036
508820
509274
509727
511589
511631
512659
513896
515159
522764
522954
523083
523927
524636
525156
527986
529541
529691
530629
531816
531934
533331
534640
535095
535549
535968
537092
537476
537599
538785
539014
539428
539739
540014
542146
542180
543994
546442
547364
547908
548963
550230
550964
550981
551382
552785
553982
555706
556541
558495
560542
561008
564808
564914
565451
566411
566582
569096
569872
571235
571691
571806
572068
572243
572689
575157
577524
577584
577603
578105
578277
579144
579696
579703
579983
580347
580389
581718
581979
581983
582810
582937
584471
585326
586845
587702
588905
589669
590120
591441
591669
591793
592412
593515
594218
594837
595155
595906
596153
596861
597108
598823
599895
600260
600357
601192
601278
601889
602135
602944
603931
604375
604376
605766
607131
610337
611490
612001
612341
612639
612814
613381
613502
613569
614222
614678
614843
615425
615623
615692
616074
616527
616823
616958
617029
617613
618838
619552
620501
622843
623498
623639
626439
631544
631577
631692
632161
632602
633304
633813
634266
634612
636751
639741
640691
640795
641402
642853
642944
643225
644252
644464
645542
645696
646161
647041
647408
648425
649822
649877
654450
654522
654864
657216
657289
657333
659708
660798
661927
663213
666016
666785
670160
670996
671976
672447
672855
673741
674711
675207
675271
677914
679952
680011
680483
681886
681969
682868
683297
683964
683978
684199
685152
686324
688320
690275
690482
692406
693436
693529
697447
697621
698090
699020
699051
699591
700609
701111
701564
703286
703489
703599
703711
703753
706283
706977
707544
707654
707659
707931
708447
708538
708783
708841
709335
709465
709508
710308
710882
711444
712254
713090
714277
714451
714817
716054
716983
717464
718045
718621
719838
720401
720905
721065
722434
722520
723128
724667
725784
727052
729303
729673
730913
732213
732215
732756
734975
735646
736999
739001
739252
739386
740277
740794
741378
741547
741788
741896
742123
743108
746028
748292
751090
751526
753629
754369
754488
754541
754926
755882
756790
757213
758095
760011
760501
760633
761075
765740
765832
765961
766379
768516
769396
769459
769636
770141
770256
771816
772380
773725
775441
775466
775901
776011
777856
778371
778446
778531
779243
780221
781515
782400
782523
782662
783076
783796
783894
784166
785447
785455
786232
787149
787235
787406
787578
789091
790706
790789
791902
792484
792626
792835
792941
793391
794718
794775
796195
797618
797809
797980
798747
801963
803048
803067
804130
804496
806139
806362
808827
809080
810449
810801
810887
810989
811325
812243
812717
813999
816701
817173
818503
819032
819812
820067
821080
822276
822562
822830
823149
826130
826132
828847
829945
830897
831562
831645
834200
836083
837556
837794
838768
842549
846948
847116
848729
851354
851778
851852
853726
854270
854823
855951
856891
856992
858072
860255
860729
861598
863139
863785
865226
865987
866264
867386
867801
869507
870609
871054
871433
872542
873435
874765
874905
875165
875249
875752
875790
878960
879560
881742
883497
884039
884397
884572
885663
887079
888467
889267
889880
889948
890365
890562
890590
890760
891894
892275
892677
893871
894383
894516
894665
894964
895865
895877
898166
898387
898774
899431
899586
900454
900620
900673
900934
901867
904258
904540
906475
906898
907801
909894
910128
910217
911139
912005
914172
915244
916861
917723
918118
918370
920295
923770
923944
927137
927412
927572
929598
930537
932018
932297
932987
933322
933503
937149
938943
939888
939941
940059
940100
940777
944141
946339
946551
947242
948148
948386
948658
949691
950735
951068
951979
953490
953962
954744
955020
955190
955227
959335
959739
962150
964911
967625
967703
968671
969446
970573
971302
972129
972639
974126
974899
975251
975711
976291
977038
978244
978448
978760
978840
979044
979159
979335
979696
981423
981426
982811
983383
983533
983535
986240
986876
986955
987871
988253
988672
989507
989772
990031
991821
992009
993897
994973
998131
999249
