100210
100230
100352
100355
100923
101070
101082
101209
101470
101511
101554
101606
101613
101750
101797
101888
102022
102031
102096
102147
102176
102201
102238
102360
102474
102684
102813
103065
103117
103190
103299
103415
103542
103617
103626
103811
103886
103932
103984
104057
104081
104093
104113
104135
104154
104223
104224
104258
104270
104384
104481
104485
104532
104786
104812
104845
104893
104974
105000
105017
105067
105095
105105
105221
105253
105258
105307
105376
105484
105532
105651
105813
105847
105848
105970
105984
106201
106217
106309
106473
106487
106617
106636
106667
106980
107025
107141
107213
107612
107688
107748
107783
107895
107972
108200
108383
108882
108907
108992
109066
109172
109306
109494
109545
109549
109593
109660
109952
109972
110015
110020
110141
110162
110180
110191
110261
110276
110706
110838
110981
111014
111020
111022
111333
111405
111473
111594
111611
111745
111822
111873
111890
111949
111962
112064
112112
112192
112220
112225
112332
112387
112534
112547
112575
112602
112677
112742
112842
112925
113171
113266
113277
113321
113663
113816
113898
113922
113925
113960
113964
114007
114262
114279
114385
114456
114545
114585
114710
114769
114930
114945
115025
115111
115339
115342
115345
115376
115510
115516
115518
115556
115840
116094
116125
116280
116392
116422
116560
116885
117000
117130
117131
117182
117316
117338
117341
117366
117413
117546
117689
117711
117761
117903
117972
118018
118047
118272
118555
118647
118655
118883
118956
118994
119067
119183
119244
119290
119316
119373
119525
119603
119609
119614
119680
119684
119749
119869
119940
119958
119960
120111
120113
120289
120391
120428
120437
120513
120517
120519
120557
120661
120680
120693
120888
121033
121161
121173
121176
121279
121458
121482
121483
121604
121674
122001
122125
122287
122335
122533
122556
122713
122783
123022
123124
123355
123370
123394
123402
123683
123701
123708
123723
123724
123945
124046
124099
124358
124473
124677
124852
124882
124919
125126
125152
125314
125321
125337
125447
125480
125530
125541
125719
125866
125873
125877
125913
125955
125957
126057
126115
126343
126355
126381
126473
126545
126634
126881
126942
126984
126992
127047
127078
127174
127213
127367
127399
127713
127814
127960
128154
128158
128162
128271
128355
128415
128456
128480
128492
128515
128532
128554
128558
128745
128816
128818
128853
128938
129223
129305
129396
129481
129497
129501
129547
129674
129737
129789
129796
129940
130022
130225
130296
130309
130417
130502
130520
130638
130671
130810
130880
130888
131146
131327
131363
131445
131734
131775
131796
131854
132026
132152
132164
132191
132204
132297
132346
132561
132605
132740
132835
132870
132894
133314
133326
133453
133679
133746
133892
133901
133935
133972
133999
134231
134262
134285
134403
134424
134680
134759
134869
134947
134982
135001
135051
135063
135128
135195
135230
135309
135428
135432
135441
135480
135613
135633
135760
135806
135838
135894
136056
136063
136103
136378
136391
136480
136647
136806
136826
136833
136900
136920
137109
137274
137309
137525
137548
137710
137779
137809
138066
138157
138318
138442
138533
138624
138670
138678
138705
138746
138803
138827
138956
139026
139054
139066
139139
139256
139536
139720
139795
139828
140186
140278
140466
140690
140780
140861
141059
141129
141219
141354
141657
141959
142179
142442
142469
142470
142533
142556
142655
142674
142684
142780
142934
143040
143207
143214
143417
143436
143602
143667
143674
143729
143741
143772
143806
143878
143929
144189
144192
144398
144510
144749
144821
144865
144971
145112
145122
145144
145381
145414
145439
145442
145479
145513
145703
145809
145889
145899
146104
146139
146280
146538
146563
146748
146774
146801
146903
146948
146980
147047
147130
147168
147193
147281
147320
147562
147591
147900
147907
147955
148123
148284
148480
148671
148926
149202
149291
149319
149394
149661
149749
149751
149835
149905
150006
150085
150299
150313
150379
150485
150517
150636
150768
150881
150913
150934
151306
151499
151504
151547
151590
151720
151745
151755
151981
152085
152115
152152
152155
152187
152365
152459
152695
152756
152873
152931
152971
152995
153331
153393
153433
153551
153658
153676
153744
153818
153885
153894
153928
154118
154142
154271
154363
154405
154646
154650
154769
154791
154985
155027
155467
155524
155685
155804
155914
155916
155998
156049
156069
156234
156244
156389
156456
156470
156553
156561
156709
156811
156869
156895
157081
157132
157209
157231
157300
157307
157651
157685
157924
157946
157954
158081
158116
158120
158166
158184
158562
158580
158717
158819
158957
158980
159173
159273
159309
159426
159529
159615
159619
159725
159742
159899
160065
160147
160328
160338
160418
160550
160567
160704
160794
160817
160833
161000
161052
161200
161265
161270
161308
161373
161776
161784
161879
161904
161975
162005
162121
162135
162149
162175
162218
162240
162294
162323
162345
162391
162658
162755
162781
163107
163149
163201
163362
163413
163691
163709
163741
163774
163858
163901
164022
164061
164143
164163
164251
164412
164432
164443
164509
164534
164797
165098
165189
165632
165635
165641
165672
165698
165707
166057
166085
166086
166139
166141
166199
166241
166314
166439
166551
166592
166598
166845
166913
166925
166991
167011
167173
167203
167245
167496
167504
167537
167640
167670
167722
167801
167827
167937
167997
168085
168134
168169
168270
168329
168354
168412
168764
168766
168811
168828
168971
169084
169153
169240
169365
169385
169429
169679
169685
169796
169850
170539
170576
170674
170969
171104
171308
171472
171528
171553
171575
171636
171742
171992
172155
172536
172590
172610
172856
172863
172878
172945
172962
173009
173128
173413
173434
173598
173661
173803
173850
173969
173979
174165
174251
174267
174393
174412
174501
174519
174638
174661
174695
174714
174730
174858
174908
174983
175014
175169
175433
175593
175679
175809
175890
175895
175958
176298
176315
176399
176441
176442
176512
176531
176570
176638
176657
176770
176932
177017
177098
177267
177313
177339
177395
177481
177663
177746
177750
177866
178018
178091
178105
178110
178203
178289
178352
178407
178426
178592
179024
179155
179456
179511
179581
179774
179785
179931
179959
180004
180043
180188
180360
180483
180598
180608
180921
180948
180959
180962
180980
181018
181071
181085
181149
181475
181590
181610
181660
182035
182103
182226
182315
182633
182644
182777
182838
182885
182949
182990
183069
183109
183156
183251
183368
183552
183584
183635
183695
183931
183951
183952
183971
184028
184140
184201
184452
184489
184573
184586
184589
184621
184836
184880
185059
185070
185091
185419
185503
185516
185529
185541
185641
185760
185957
186098
186153
186224
186255
186260
186352
186419
186448
186646
186747
186786
186988
187016
187262
187335
187346
187416
187437
187596
187666
187684
187751
188111
188183
188269
188294
188338
188350
188366
188379
188529
188534
188655
188694
188795
188864
188890
189032
189073
189121
189134
189143
189154
189332
189335
189342
189479
189691
189707
190179
190235
190369
190546
190638
190728
190745
190757
190788
190900
191058
191300
191605
191621
191702
191735
191850
191979
192005
192013
192114
192146
192448
192516
192876
193041
193063
193197
193261
193313
193354
193601
193737
193760
193867
193885
193905
193931
194043
194145
194213
194224
194277
194296
194349
194456
194559
194672
194768
194920
195010
195027
195066
195209
195355
195383
195557
195574
195575
195715
195716
195738
195818
196000
196316
196393
196396
196481
196597
196635
196638
196786
196808
196847
196932
197024
197202
197257
197313
197431
197577
197655
197697
197794
197839
197863
197874
197987
198026
198041
198111
198401
198519
198776
198855
198904
199013
199079
199147
199208
199314
199315
199458
199561
199807
199862
200083
200104
200516
200541
200562
200578
200944
201055
201114
201214
201295
201367
201427
201449
201502
201643
201674
201869
201919
201969
202124
202216
202234
202240
202596
202715
203049
203158
203190
203203
203305
203344
203395
203483
203524
203984
204115
204155
204208
204356
204512
204616
204651
204773
204889
204975
204979
205093
205220
205305
205346
205423
205431
205570
205682
205716
205728
206125
206202
206300
206327
206378
206520
206567
206727
207054
207170
207438
207725
207797
208029
208068
208086
208140
208332
208762
208851
208895
209046
209086
209168
209291
209330
209429
209679
209806
209810
209839
209854
210053
210084
210128
210223
210254
210273
210466
210471
210485
210488
210560
210596
210713
210735
210775
210851
211186
211220
211272
211327
211362
211433
211462
211475
211635
211728
211745
211864
211911
211971
212087
212336
212363
212449
212461
212636
212691
212837
212863
213012
213076
213232
213441
213463
213566
213681
214003
214049
214107
214113
214392
214696
214727
214923
214978
215010
215012
215083
215096
215105
215190
215191
215295
215353
215414
215424
215479
215516
215567
215774
215965
216080
216157
216346
216382
216638
216820
216900
216948
217002
217005
217023
217148
217190
217213
217301
217484
217508
217592
217666
217783
217983
218030
218036
218144
218316
218346
218355
218590
218703
218802
218841
218932
219198
219299
219310
219394
219397
219438
219476
219479
219527
219707
219784
219805
219849
219995
220034
220061
220074
220112
220250
220254
220263
220420
220527
220603
220676
220693
220713
220718
220775
220808
220819
220859
220878
220935
221071
221168
221200
221206
221225
221280
221288
221354
221523
221707
221740
221774
222168
222309
222464
222693
222714
223061
223446
223814
223823
223880
224052
224142
224225
224525
224642
224692
224705
224792
225081
225090
225125
225177
225199
225290
225295
225364
225404
225445
225733
225903
226070
226076
226131
226312
226418
226492
226565
226606
226612
226929
227012
227257
227306
227326
227359
227509
227541
227581
227688
227785
227796
227819
227824
227877
227889
228037
228166
228201
228236
228254
228360
228482
228555
228559
228587
228658
228745
228875
229049
229090
229098
229118
229184
229204
229434
229469
229608
229688
229778
229871
229925
229951
229952
230081
230295
230475
230594
230610
230640
230884
231050
231205
231242
231355
231480
231591
231610
231633
231702
231968
232184
232475
232520
232792
232908
232993
233024
233119
233214
233311
233366
233482
233599
233600
233668
233724
233745
233761
233836
233861
233898
233906
233974
234081
234182
234261
234328
234352
234447
234545
234638
234840
234888
234891
234914
235035
235044
235081
235315
235320
235453
235537
235716
235720
235745
235767
235869
235896
236017
236342
236422
236429
236597
236715
236764
236874
236980
237005
237007
237032
237136
237207
237454
237505
237562
237676
237695
237798
237833
238082
238084
238119
238297
238409
238559
238643
238785
238859
238862
239027
239073
239217
239322
239623
239692
239839
239840
239946
239954
240072
240124
240145
240257
240362
240445
240740
240743
240791
241046
241057
241082
241217
241251
241967
242007
242056
242218
242224
242498
242499
242570
242596
242807
243143
243222
243295
243308
243357
243372
243374
243376
243706
243716
243773
243776
243945
244008
244097
244108
244123
244142
244295
244379
244457
244473
244683
244715
244752
244841
244918
244945
245360
245366
245454
245478
245544
245562
245924
246069
246119
246225
246263
246323
246345
246499
246540
246549
246628
246752
246799
246962
247173
247278
247561
247619
247645
247827
247892
248205
248262
248452
248465
248517
248659
248682
248688
248709
248756
248867
249008
249010
249134
249201
249219
249313
249502
249528
249600
249612
249650
249845
249941
249977
250041
250069
250103
250177
250191
250192
250402
250443
250775
250943
250952
251456
251522
251698
251700
251918
252114
252165
252257
252312
252314
252325
252423
252644
252689
252762
252789
252877
252894
252902
252939
253017
253150
253195
253233
253258
253297
253448
253472
253769
253770
253792
253799
253850
253926
253948
253974
253976
254059
254296
254367
254419
254533
255067
255185
255200
255252
255258
255292
255372
255392
255433
255470
255503
255556
255588
255704
255721
255734
255938
256074
256076
256177
256185
256211
256234
256316
256413
256448
256539
256616
256678
256989
257175
257271
257403
257423
257431
257471
257576
257607
257622
257641
257771
258021
258136
258139
258161
258288
258294
258308
258360
258467
258514
258525
258554
258574
258613
258763
258816
258826
258952
258963
259036
259050
259233
259419
259442
259603
259616
259698
259762
259907
259937
260201
260242
260253
260255
260333
260343
260579
260600
260631
260660
260803
260892
261126
261143
261186
261224
261372
261558
261601
261691
261770
261870
261925
261990
262029
262171
262235
262338
262449
262644
262697
262791
262796
262861
262908
262985
263086
263098
263238
263357
263484
263618
263658
263668
263699
264150
264197
264277
264307
264388
264486
264720
264861
264942
265010
265016
265088
265179
265207
265245
265477
265529
265562
265602
265625
265641
265790
265880
265987
266037
266048
266226
266272
266296
266411
266516
266599
266692
266719
266874
266971
266989
267006
267017
267060
267202
267280
267384
267403
267610
267633
267770
267781
267785
267872
268254
268278
268336
268353
268381
268504
268589
268682
268811
268888
268902
268930
268932
268935
268965
268999
269097
269165
269174
269691
269954
270057
270184
270250
270304
270346
270361
270407
270543
270788
271012
271045
271112
271138
271245
271376
271526
271527
271837
271944
271959
272047
272289
272358
272439
272621
272643
272651
272654
272665
272949
273023
273132
273254
273259
273263
273312
273417
273564
273589
273640
273679
273689
273841
274065
274126
274257
274407
274417
274421
274432
274597
274629
274761
274794
274833
274877
275021
275113
275184
275249
275424
275440
275494
275670
275821
275870
276079
276126
276130
276512
276567
276643
276720
276732
276815
276898
276929
276954
277173
277223
277493
277523
277580
277822
277872
277875
278022
278131
278147
278205
278367
278450
278557
278612
278741
278757
278887
278999
279039
279140
279376
279520
279628
279673
279678
279700
279703
279720
279922
279979
280047
280330
280522
280564
280582
280597
280623
280658
280679
280733
280921
280961
280973
281039
281210
281308
281333
281383
281476
281695
281716
281747
281838
281890
282155
282180
282418
282548
282677
282784
282862
283011
283045
283070
283090
283093
283145
283195
283358
283394
283535
283699
283944
283965
284061
284264
284365
284408
284465
284514
284529
284649
284657
284659
284777
284793
284833
284917
284946
285056
285086
285110
285117
285400
285501
285548
285557
285612
285682
285745
285855
286007
286075
286092
286131
286132
286153
286258
286275
286356
286549
286618
286691
286850
286898
286915
287071
287144
287226
287356
287484
287537
287707
287817
288002
288372
288519
288661
288702
288847
289105
289232
289271
289427
289434
289456
289704
289926
290043
290101
290204
290232
290249
290454
290506
290547
290821
290865
290967
291424
291447
291467
291481
291523
291838
291878
291910
291925
291929
292005
292100
292288
292355
292429
292439
292448
292919
293092
293096
293106
293451
293453
293514
293726
293917
293932
293934
293991
294146
294214
294282
294371
294520
294536
294566
294814
294849
294875
294907
295244
295246
295345
295416
295429
295469
295484
295581
295626
295646
295664
295675
295687
295817
295827
295887
295943
295963
295995
296037
296120
296176
296180
296258
296295
296423
296757
296822
296871
296890
296902
296964
297074
297092
297359
297406
297659
297675
297796
297845
297878
298047
298062
298070
298084
298089
298147
298198
298250
298533
298653
298667
298816
298900
298974
298997
299204
299208
299351
299406
299468
299695
299970
299998
300021
300092
300205
300345
300349
300460
300504
300519
300563
300578
300668
300802
300860
301002
301005
301121
301198
301210
301250
301339
301390
301418
301496
301501
301533
301687
301689
301776
301841
301912
302223
302226
302479
302742
302817
302889
302992
303177
303187
303212
303360
303443
303482
303566
303585
303744
303988
304030
304140
304228
304497
304565
304796
304824
305011
305311
305486
305503
305662
305666
305737
305784
305801
305900
305961
306032
306244
306461
306500
306529
306546
306605
306611
306627
306656
306747
306836
306962
307071
307558
307570
307618
307628
307839
307895
307992
308126
308168
308194
308233
308344
308442
308457
308618
308678
308928
309076
309139
309240
309419
309816
310035
310101
310119
310251
310386
310584
310771
310788
310828
311004
311008
311057
311303
311305
311490
311557
311635
311858
312118
312134
312421
312546
312556
312561
312567
312568
312606
312647
312680
312772
312834
312882
312938
313020
313072
313288
313407
313441
313492
313531
313958
314038
314080
314137
314185
314360
314404
314454
314715
314784
314979
314990
315065
315126
315236
315352
315420
315665
315752
315872
315966
316002
316236
316272
316275
316321
316349
316369
316402
316453
316715
316745
316786
316982
317201
317202
317272
317451
317868
318086
318136
318215
318231
318256
318273
318313
318442
318505
318551
318595
318663
318802
318915
318954
319399
319485
319491
319550
319807
319919
319928
319932
320024
320098
320182
320293
320462
320521
320533
320547
320828
320913
320991
321107
321172
321295
321569
321657
321670
321719
322086
322090
322139
322161
322184
322240
322683
322692
322766
322857
322910
322912
322985
323239
323256
323308
323347
323491
323607
323671
323962
323963
324058
324101
324113
324126
324152
324164
324178
324299
324356
324379
324467
324519
324551
324629
324702
325064
325156
325193
325475
325507
325539
325621
325649
325679
325892
326122
326133
326657
326723
326730
326860
326881
326895
326897
327144
327268
327282
327289
327396
327640
327767
327793
327926
327971
328027
328079
328175
328184
328408
328470
328552
328655
328845
328921
329021
329066
329387
329531
329605
329617
329969
330040
330384
330418
330445
330550
330614
330681
330775
330797
330831
331022
331036
331072
331233
331434
331525
331536
331548
331585
331659
331794
332007
332020
332049
332053
332063
332078
332112
332135
332212
332230
332444
332511
332514
332586
332752
332860
333093
333104
333454
333496
333641
333653
333736
333826
334030
334169
334177
334194
334257
334419
334487
334512
334533
334733
334761
334826
334849
334934
335029
335095
335135
335167
335447
335548
335622
335690
335859
335915
336031
336109
336191
336593
336652
336731
336858
337035
337124
337159
337295
337346
337671
337742
337861
337932
337948
337986
338100
338101
338112
338212
338214
338437
338438
338449
338628
338661
338748
338805
338852
338871
338960
339385
339462
339604
339642
339716
339819
339943
339986
340022
340042
340266
340673
340865
340975
341204
341250
341277
341379
341448
341532
341630
341664
341770
341941
342024
342071
342157
342176
342278
342371
342410
342597
342727
342736
342801
342859
343009
343010
343044
343267
343298
343322
343432
343486
343759
343794
343824
343933
343974
344008
344180
344371
344555
344628
344770
344865
344889
344894
344944
345100
345122
345192
345321
345572
345573
345669
345685
345823
345925
345952
345986
346116
346139
346198
346354
346371
346394
346523
346586
346674
346817
346884
347004
347010
347095
347151
347238
347290
347403
347460
347509
347521
347595
347756
347797
347942
348124
348162
348184
348272
348277
348324
348371
348417
348533
348922
349013
349065
349104
349188
349340
349354
349396
349503
349542
349685
349875
349879
350098
350255
350269
350422
350466
350591
350601
350635
351042
351089
351142
351161
351176
351206
351293
351336
351372
351381
351415
351439
351527
351531
351605
351645
351763
351827
351867
351991
352041
352087
352172
352187
352268
352314
352351
352542
352565
352715
352743
353069
353118
353178
353308
353320
353392
353496
353613
353669
353814
353825
353845
354170
354198
354204
354215
354266
354307
354456
354509
354545
354594
354616
354669
354787
354819
354926
355446
355459
355486
355502
355559
355641
355808
355861
355869
355930
355960
356050
356216
356360
356444
356524
356571
356587
356656
356776
356885
356946
356979
356989
357184
357187
357267
357396
357414
357561
357625
357630
357710
357824
357877
357940
357946
358011
358237
358492
358556
358634
358678
358732
358772
358853
359130
359195
359227
359693
359698
359812
359884
359898
359910
359922
359931
359976
359985
360057
360146
360230
360302
360327
360374
360380
360415
360659
360780
360816
360821
360831
360964
361297
361368
361381
361385
361674
361675
361772
361844
361934
362232
362317
362446
362471
362490
362611
362629
362705
362741
362809
362914
362977
363089
363110
363217
363339
363344
363400
363474
363586
363621
363770
363813
363888
363960
363979
364010
364398
364771
364919
364947
365268
365334
365416
365446
365467
365514
365894
365914
366031
366118
366217
366419
366623
366820
367054
367080
367159
367319
367482
367547
368062
368170
368211
368254
368352
368359
368392
368581
368607
368634
368814
369041
369201
369214
369224
369250
369253
369309
369337
369394
369419
369584
369710
369743
369749
369762
370065
370129
370278
370337
370415
370510
370567
370727
370987
371115
371280
371413
371435
371688
371709
371712
371750
371790
371920
371926
371951
372017
372195
372201
372242
372255
372299
372309
372395
372472
372545
372617
372710
372770
373003
373068
373316
373347
373395
373432
373447
373499
373538
373698
373701
373842
374052
374056
374383
374470
374741
374774
374884
374896
374903
374906
374951
375253
375267
375284
375294
375421
375431
375524
375697
375746
375763
375764
375769
376002
376031
376306
376364
376413
376443
376501
376585
376586
376826
376974
377157
377187
377235
377276
377324
377343
377431
377657
377680
377701
377706
377831
378103
378190
378394
378439
378457
378490
378709
378903
378965
378977
378999
379133
379168
379175
379177
379221
379233
379235
379290
379524
379604
379770
379782
379858
379869
380165
380194
380266
380282
380307
380511
380731
380740
380748
380798
380803
380896
380901
381166
381171
381271
381505
381578
381919
381995
382004
382051
382107
382210
382293
382366
382524
382563
382576
382613
382713
382720
383005
383124
383401
383500
383528
383606
383672
383719
383743
383850
383916
383999
384137
384172
384305
384390
384437
384629
384875
384920
385162
385260
385270
385324
385372
385375
385604
385657
385684
385729
385749
385942
386339
386390
386393
386430
386468
386553
386637
386757
386797
386834
387115
387138
387285
387397
387473
387578
387592
387712
387912
387957
388024
388046
388071
388130
388191
388207
388449
388500
388535
388581
388590
388620
388719
388850
389056
389134
389214
389299
389335
389447
389498
389578
389588
389628
389719
389730
389784
389805
389806
389842
389950
390068
390130
390135
390426
390633
391038
391109
391207
391258
391307
391322
391446
391451
391485
391505
391528
391588
391616
391830
391872
392147
392262
392269
392424
392441
392451
392576
392754
392871
392896
392991
393024
393112
393124
393142
393210
393453
393486
393539
393565
393602
393717
393754
393765
393779
394038
394110
394170
394210
394260
394290
394311
394316
394547
394626
394707
394885
394895
394924
394944
395033
395503
395573
395581
395684
395856
395871
395905
395947
396037
396059
396119
396218
396229
396358
396375
396392
396527
396536
396760
396813
396872
396909
397077
397116
397281
397513
397543
397644
397989
398057
398078
398084
398147
398308
398430
398448
398462
398547
398588
398594
398717
398773
398852
399079
399143
399490
399562
399606
399609
399641
399757
399837
400081
400149
400260
400316
400371
400473
400751
400850
401159
401178
401214
401250
401353
401905
402106
402175
402252
402404
402441
402577
402841
403015
403033
403116
403143
403217
403292
403487
403512
403932
404128
404130
404395
404450
404524
404687
404731
404752
405186
405212
405244
405259
405261
405271
405382
405615
405721
405747
405966
406119
406519
406590
406643
406708
406882
406904
407008
407229
407294
407655
407669
407752
408131
408448
408635
408653
408705
408714
408852
408903
408920
409020
409140
409250
409280
409362
409439
409642
409908
409932
410118
410162
410317
410318
410400
410489
410556
410582
410729
410784
410972
410996
411008
411074
411123
411227
411237
411268
411299
411316
411418
411638
411757
411764
411771
411811
411869
411885
411909
411961
411970
411972
412130
412207
412213
412230
412418
412701
413025
413117
413120
413331
413460
413491
413625
413679
413823
413835
413941
413977
414039
414071
414129
414228
414276
414403
414536
414538
414556
414603
414730
414768
414823
414878
414898
414899
414941
415028
415038
415046
415083
415205
415314
415389
415427
415436
415480
415491
415706
415753
415818
415836
415891
415894
416028
416054
416217
416293
416321
416332
416381
416404
416533
416676
416793
416844
416906
416943
416960
417039
417090
417119
417127
417214
417320
417471
417761
417870
418086
418187
418261
418290
418693
418707
419142
419247
419253
419381
419410
419440
419489
419546
419575
419623
419628
419694
419824
419900
420012
420084
420196
420303
420422
420492
420518
420527
420612
420742
420836
420849
420854
420857
421037
421056
421139
421167
421243
421546
421568
421650
421905
422026
422067
422193
422229
422251
422252
422417
422455
422479
422529
422550
422597
422606
422631
422825
423026
423123
423171
423316
423360
423589
423695
423744
423783
423854
423889
423966
424047
424084
424087
424097
424197
424242
424314
424340
424870
424872
424876
425017
425082
425220
425302
425498
425586
425627
425700
425728
425738
425758
425771
425834
425847
426040
426078
426141
426161
426248
426313
426317
426318
426335
426370
426424
426570
426609
426746
426835
426987
426999
427024
427237
427443
427453
427809
427827
427840
427855
427885
427892
428028
428154
428179
428515
428599
428734
428735
428823
429018
429091
429159
429365
429458
429483
429489
429558
429628
429742
429751
429755
429891
430052
430066
430074
430224
430318
430353
430363
430408
430456
430769
430792
430828
430877
431020
431131
431411
431630
431689
431793
431861
432105
432107
432142
432283
432318
432381
432460
432519
432545
432554
432606
432745
432777
433096
433205
433237
433331
433335
433421
433453
433524
433656
433681
433829
433830
433849
434083
434114
434190
434229
434274
434462
434642
434723
434860
435089
435132
435305
435312
435592
435600
435658
435731
435753
435804
435957
436016
436041
436065
436299
436377
436445
436768
437000
437001
437014
437032
437234
437573
437843
438044
438087
438093
438270
438279
438424
438581
438679
438706
438722
438754
438790
438839
439003
439030
439087
439178
439315
439512
439630
439642
439805
439971
439989
440026
440202
440334
440423
440461
440612
440724
440747
440787
440794
440835
440909
441013
441230
441776
441853
441985
442123
442342
442589
442616
442670
442731
442789
442800
442914
442943
442950
443067
443237
443327
443447
443487
443503
443543
443697
443732
443762
443813
443845
444040
444042
444224
444334
444550
444632
444683
444693
445135
445154
445321
445459
445505
445591
445787
445837
445884
446059
446172
446175
446190
446401
446427
446441
446515
446587
446658
446808
446829
446843
446869
446977
447098
447143
447288
447431
447526
447542
447900
447952
448084
448110
448142
448523
448781
448782
448890
448950
449133
449238
449288
449555
449760
450113
450130
450363
450450
450459
450632
450639
450653
450682
450743
450759
450803
450837
450917
450962
451099
451294
451303
451423
451707
451885
452003
452042
452079
452174
452188
452210
452399
452459
452475
452493
452584
452606
452732
452899
453165
453171
453321
453479
453491
453499
453504
453572
453594
453645
453774
453861
453902
454266
454357
454395
454538
454561
454593
454641
454698
454700
454865
454977
455095
455127
455248
455270
455279
455413
455416
455527
455533
455586
455594
455655
455689
455715
455722
455725
455838
455875
456019
456094
456141
456144
456177
456347
456422
456570
456605
456778
456841
456895
457028
457085
457121
457135
457229
457342
457366
457370
457518
457586
457785
457835
457837
457896
458174
458252
458297
458323
458325
458336
458345
458440
458588
458717
458761
458936
458958
459132
459174
459225
459240
459276
459612
459719
459725
459850
459916
459935
460036
460061
460216
460236
460248
460291
460295
460327
460340
460354
460392
460542
460561
460586
460803
461137
461221
461280
461422
461447
461450
461470
461602
461615
461698
461705
461927
462045
462244
462273
462289
462462
462601
462792
462872
462927
462978
463032
463066
463096
463205
463267
463347
463393
463404
463415
463419
463465
463593
463598
463738
463858
463918
464024
464216
464275
464352
464366
464400
464499
464602
464613
464615
464727
464761
464782
464850
464867
464954
465019
465045
465105
465182
465189
465211
465284
465417
465475
465546
465632
465640
465756
465789
465833
465861
466023
466137
466268
466320
466374
466441
466443
466450
466509
466584
466630
466653
466811
466928
467142
467150
467277
467338
467404
467450
467618
467626
467663
467935
468112
468134
468334
468424
468534
468594
468754
468788
468824
468829
468944
469020
469093
469248
469558
469586
469744
470065
470090
470156
470312
470321
470342
470388
470488
470522
470667
470758
470772
470829
470876
470973
470988
470999
471055
471189
471213
471271
471336
471535
471939
471979
472029
472045
472083
472116
472214
472428
472444
472635
472645
472668
472783
472803
472845
472858
473039
473202
473210
473338
473456
473484
473545
473553
473615
473653
473719
473728
473817
473926
473929
474018
474143
474156
474678
474691
474733
474763
474969
474973
474986
475076
475170
475310
475362
475435
475712
475747
475816
475891
475957
475979
475984
476047
476150
476287
476434
476514
476611
476665
476814
476847
476937
476963
476974
477126
477222
477275
477318
477334
477405
477477
477578
477688
477890
477952
478014
478029
478073
478150
478309
478357
478362
478465
478489
478498
478779
478860
478969
479025
479131
479147
479252
479270
479365
479569
479631
479645
479725
479808
479902
479962
480046
480067
480213
480230
480302
480343
480361
480379
480404
480716
480751
480783
480793
480815
481014
481083
481123
481177
481240
481257
481333
481400
481510
481553
481591
481627
481698
481780
481875
481969
482048
482079
482129
482161
482235
482263
482492
482671
482725
482807
482926
482959
483105
483120
483127
483205
483323
483502
483562
483916
484103
484283
484341
484418
484751
484780
484890
485018
485071
485113
485125
485304
485312
485341
485373
485400
485449
485478
485596
485673
485733
485740
485745
485767
485801
485975
486026
486029
486153
486308
486439
486450
486580
486631
487040
487344
487347
487377
487381
487408
487445
487575
487847
487887
487936
487971
488021
488269
488444
488539
488588
488668
488823
488981
488997
489038
489128
489198
489221
489294
489423
489428
489523
489572
489713
489769
489841
489869
489900
489919
490021
490203
490210
490287
490451
490479
490670
491121
491341
491406
491632
491660
491717
491737
491779
491865
492062
492096
492108
492158
492367
492502
492576
492689
492700
492747
492760
492861
493016
493041
493044
493054
493072
493164
493196
493320
493337
493687
493709
493717
493835
493916
494130
494269
494275
494278
494358
494370
494787
494868
494926
495106
495141
495164
495206
495227
495332
495366
495473
495492
495558
495915
496223
496265
496442
496588
496604
496709
496903
496910
496943
497033
497457
497565
497597
497610
497628
497661
497807
497810
497930
497978
497987
498017
498045
498047
498231
498323
498425
498539
498580
498778
498825
498884
498893
499071
499284
499307
499373
499610
499700
499839
499855
499995
500113
500131
500318
500405
500576
500641
500670
500770
500796
501209
501510
501579
501620
501722
501789
501810
501811
501817
501881
501956
502009
502022
502078
502156
502164
502188
502193
502231
502352
502405
502475
502561
502761
502811
502899
503012
503123
503146
503212
503472
503477
503530
503633
503711
503747
503784
503895
503905
503930
503964
504004
504023
504056
504083
504087
504111
504121
504244
504377
504385
504417
504462
504469
504512
504516
504527
504536
504605
504658
505087
505244
505393
505401
505405
505511
505683
505719
505848
505859
505936
505944
506028
506198
506222
506269
506564
506570
506662
506784
506804
507065
507199
507282
507406
507577
507579
507667
507783
507846
508005
508024
508161
508297
508318
508459
508620
508656
508713
508756
508786
508795
508911
508945
509145
509170
509194
509202
509391
509436
509641
509688
510045
510104
510608
510843
510877
511200
511204
511220
511260
511283
511346
511455
511498
511750
511803
511870
511901
511949
511972
511980
512323
512373
512461
512481
512506
512702
512736
512738
513049
513120
513135
513273
513342
513671
513737
513910
513936
513974
514051
514297
514422
514490
514515
514984
515079
515254
515265
515278
515344
515456
515612
515613
515672
515812
515935
515972
516109
516125
516256
516353
516498
516504
516900
516977
516978
517029
517049
517400
517408
517459
517501
517655
517727
517933
518478
518517
518520
518576
518780
518796
518835
518869
518911
518947
518954
518957
519095
519191
519409
519643
519679
519732
519830
519943
520141
520165
520281
520303
520305
520529
520537
520724
521039
521080
521160
521194
521213
521223
521274
521394
521414
521436
521507
521684
521764
522127
522306
522367
522415
522605
522695
522703
522774
522905
523149
523268
523302
523445
523469
523585
523740
523877
523885
523943
523967
524021
524078
524189
524305
524340
524351
524396
524401
524474
524494
524605
524796
524838
524856
524956
525119
525151
525218
525317
525415
525696
525754
525826
525964
526168
526265
526588
526667
526790
526864
527085
527293
527420
527854
527919
528028
528050
528076
528081
528212
528365
528374
528406
528442
528650
528655
528732
528772
528778
528893
528967
529051
529113
529305
529387
529394
529499
529742
529811
529927
529963
530089
530212
530217
530273
530350
530357
530382
530416
530554
530579
530615
530618
530687
530745
530977
531062
531121
531156
531172
531282
531413
531459
531611
531692
531714
531744
531747
531755
531855
531885
531924
531943
531945
532183
532578
532654
532919
532950
532998
533189
533279
533295
533440
533549
533587
533605
533664
533722
533770
533783
533876
533903
533925
534043
534133
534147
534204
534214
534426
534724
534758
534903
535364
535384
535543
535604
535718
535721
535748
535851
535885
535898
535954
535960
536173
536199
536315
536346
536419
536420
536446
536582
536691
536814
536821
536868
536937
536940
536965
537224
537264
537449
537452
537814
537904
538304
538359
538410
538417
538465
538508
538512
538618
538840
538915
539133
539140
539426
539519
539534
539541
539594
539643
539666
539725
539899
539903
539949
539963
539985
540000
540230
540259
540321
540331
540502
540514
540542
540703
540749
540765
540950
541186
541189
541244
541365
541382
541497
541618
541622
541628
541774
541925
542006
542066
542069
542083
542187
542200
542216
542221
542481
542573
542577
542605
542628
542719
542752
542913
542962
543213
543351
543597
543612
543853
543988
543998
544014
544165
544206
544334
544386
544575
544704
544747
544845
544890
544902
544913
544918
544920
545220
545353
545415
545467
545516
545611
545685
545732
545765
545889
545993
545999
546097
546110
546160
546222
546257
546259
546264
546464
546502
546568
546650
546679
546748
546773
546817
546818
546909
546924
547016
547026
547079
547149
547404
547431
547464
547471
547474
547870
547914
548138
548189
548270
548332
548462
548525
548543
548583
548667
548840
548845
548919
548983
549010
549058
549359
549409
549610
549973
549986
550101
550269
550570
550573
550589
550628
550888
550933
551063
551071
551080
551183
551208
551220
551381
551395
551427
551471
551478
551515
551620
551711
551899
551971
552038
552176
552203
552400
552517
552617
552618
552706
552714
552808
552814
552909
552922
552974
553231
553360
553426
553457
553458
553471
553546
553760
553974
554100
554167
554362
554735
554807
555156
555164
555195
555198
555256
555269
555441
555488
555754
556127
556195
556821
556934
556970
557002
557096
557240
557245
557365
557384
557387
557800
557850
557946
558052
558127
558137
558177
558509
558704
558747
559173
559176
559268
559315
559327
559507
559611
559740
559891
560312
560413
560563
560595
560654
560801
560998
561096
561196
561227
561282
561338
561405
561508
561509
561838
561861
561971
562076
562079
562105
562144
562154
562225
562549
562585
562691
562714
562770
562804
562829
562957
562987
563135
563150
563279
563363
563501
563561
563589
563594
563663
563677
563794
563921
563952
564048
564233
564479
564580
564611
564680
564711
564964
564966
565145
565191
565209
565319
565452
565587
565757
566124
566151
566244
566287
566328
566335
566351
566378
566498
566549
566558
566686
566958
567011
567012
567014
567021
567142
567419
567574
567586
567609
567644
567704
567771
567957
567962
568081
568178
568206
568241
568476
568664
568695
568708
568728
568998
569233
569299
569462
569873
569936
569970
570152
570172
570223
570264
570318
570387
570388
570402
570450
570456
570578
570599
570689
570752
570808
570878
571158
571183
571215
571223
571317
571453
571457
571470
571501
571728
571747
571841
571937
571938
572052
572131
572144
572186
572255
572464
572489
572509
572621
572679
572806
572884
572934
572947
572967
573089
573102
573127
573207
573223
573260
573283
573456
573574
573628
573635
573643
573809
573897
573971
574191
574336
574553
574567
574819
574877
575040
575156
575334
575338
575345
575371
575441
575779
575791
575884
575892
575976
575992
576122
576145
576217
576269
576732
577013
577021
577123
577124
577130
577182
577249
577273
577363
577396
577482
577551
577716
577733
577736
577801
577995
578004
578114
578188
578367
578375
578448
578791
578816
578829
578843
578970
579097
579188
579207
579248
579287
579504
579843
579899
579964
580065
580117
580369
580391
580474
580535
580581
580761
580854
581001
581041
581107
581157
581178
581284
581488
581498
581640
581696
581873
582121
582132
582173
582196
582257
582271
582280
582358
582585
582744
582863
582866
582900
583018
583051
583078
583098
583256
583336
583430
583445
583633
583713
583714
583731
583859
583880
584018
584073
584218
584256
584260
584300
584358
584377
584404
584453
584814
584886
584913
584972
585029
585100
585103
585182
585197
585310
585523
586476
586478
586620
586655
586745
586797
586915
586985
587033
587255
587311
587318
587372
587506
587607
587642
587759
587777
587890
588118
588172
588265
588356
588749
588908
588992
589036
589191
589357
589378
589829
589969
590205
590295
590386
590482
590583
590635
590703
590977
591169
591212
591368
591495
591971
591998
592075
592101
592129
592143
592355
592437
592629
592673
592701
592707
592715
592736
592739
592759
592916
592936
593047
593071
593129
593165
593253
593342
593349
593356
593396
593416
593426
593455
593489
593537
593575
593576
593619
593845
593949
594152
594298
594314
594363
594365
594392
594463
594522
594762
594846
594870
594921
594932
595123
595161
595177
595365
595559
595705
595721
595723
595725
595744
595925
595974
596042
596137
596188
596244
596274
596417
596421
596470
596553
596556
596854
597007
597012
597118
597175
597287
597363
597377
597429
597491
597535
597545
597562
597630
597794
597808
597834
597900
597932
598011
598275
598301
598581
598757
598772
598919
599138
599171
599275
599292
599418
599478
599536
599646
599724
599738
599863
599983
599990
599995
600028
600087
600137
600228
600316
600674
600715
600847
600872
600922
600955
601010
601104
601138
601157
601188
601286
601338
601342
601561
601588
601601
601628
601645
601674
601784
601830
601851
601900
601995
602046
602064
602078
602120
602159
602186
602275
602354
602596
602610
602772
602868
602872
602980
603069
603208
603421
603446
603467
603659
603664
603906
603933
604084
604152
604407
604846
604882
604888
605155
605175
605202
605503
605512
605514
605536
605695
605951
606037
606289
606507
606832
606858
606895
606997
607067
607082
607093
607129
607160
607204
607320
607729
607738
607768
607840
607870
607960
608014
608069
608070
608231
608297
608364
608411
608622
608639
608645
608661
608806
608834
609240
609398
609461
609462
609502
609659
609970
609974
609987
610191
610230
610274
610318
610648
610709
610738
610777
610803
611005
611130
611300
611422
611480
611582
611678
611995
612140
612285
612297
612321
612486
612552
612636
612840
613034
613104
613215
613387
613524
613620
613646
613647
613987
613995
614025
614043
614357
614456
614531
614541
614717
614781
614807
614869
614940
615056
615096
615164
615216
615409
615449
615528
615634
615659
615676
615732
615868
615899
616031
616058
616118
616247
616330
616455
616538
616543
616718
616732
616832
616907
616944
617054
617120
617191
617525
617925
617931
617944
618167
618255
618584
618619
618710
618806
618930
618979
619008
619053
619239
619323
619668
619838
619954
619994
620028
620084
620422
620593
620630
620784
620868
620965
621217
621259
621408
621449
621506
621511
621530
621665
621680
621705
621707
621756
621771
621784
621918
621949
622079
622116
622183
622228
622249
622319
622320
622321
622340
622358
622457
622537
622722
622724
622745
622785
622887
622934
623003
623041
623092
623315
623320
623349
623594
623681
623947
623989
624008
624037
624126
624235
624383
624395
624487
624664
624845
624861
625002
625037
625060
625183
625245
625593
625601
625671
625824
625945
626073
626277
626293
626370
626405
626414
626464
626562
626794
627002
627040
627168
627206
627552
627720
627780
627804
627917
627957
628053
628157
628295
628347
628348
628387
628590
628706
628866
628961
629192
629405
629531
629681
629727
629840
629906
630081
630175
630337
630409
630475
630476
630481
630774
630791
630845
630867
630878
631017
631025
631073
631156
631272
631312
631364
631415
631439
631483
631496
631518
631532
631687
631728
631791
631848
631873
631883
632257
632355
632444
632458
632476
632494
632562
632566
632977
633194
633210
633322
633335
633408
633728
633863
633913
633963
634146
634222
634227
634243
634267
634535
634635
634744
634806
634833
634910
635121
635129
635163
635343
635406
635432
635539
635621
635741
635758
635880
635933
635945
636141
636225
636280
636322
636378
636595
636738
636829
636935
637007
637051
637263
637272
637278
637368
637539
637652
637665
637675
637800
637818
637820
637865
637961
638085
638233
638296
638382
638427
638458
638495
638594
638621
638745
638874
638933
638952
639049
639073
639163
639199
639203
639292
639327
639334
639385
639488
639495
639552
639590
639637
639671
639874
639963
640060
640076
640159
640274
640297
640301
640336
640466
640509
640538
640737
640851
640854
640934
641119
641120
641199
641307
641461
641517
641655
641667
641701
641714
641954
641961
642176
642217
642317
642536
642542
642563
642584
642651
642777
642855
642961
643042
643309
643316
643329
643442
643479
643481
643497
643507
643607
643816
643850
644065
644074
644111
644185
644236
644368
644539
644623
644695
644773
644895
644917
645003
645026
645216
645265
645297
645393
645403
645501
645652
645674
645678
645808
645892
645999
646028
646073
646106
646117
646196
646274
646362
646460
646679
646689
646740
646845
646903
647027
647043
647072
647081
647294
647303
647525
647544
647545
647595
647823
647826
647986
648128
648300
648337
648430
648672
648738
648760
649062
649106
649173
649181
649208
649226
649403
649602
649811
649827
649888
649944
650018
650097
650156
650204
650205
650222
650296
650308
650357
650390
650403
650687
650690
650754
650784
650806
650818
650850
650962
650973
650994
650998
651069
651183
651241
651261
651266
651355
651374
651397
651418
651518
651557
651775
651783
651909
652076
652146
652268
652312
652327
652328
652444
652522
652609
652662
652778
653017
653108
653274
653314
653417
653734
653758
653930
654126
654419
654461
654560
654771
654783
654810
654891
654920
655031
655304
655306
655498
655636
655700
655739
655757
655918
655921
655937
656126
656135
656227
656328
656334
656456
656461
656640
656687
656709
656763
656910
657095
657161
657192
657231
657239
657247
657258
657305
657443
657520
657551
657609
657640
657672
657688
657801
657832
658084
658145
658297
658311
658372
658442
658598
658695
658791
658862
658885
658946
658980
659030
659033
659126
659244
659299
659351
659546
659594
659640
660004
660009
660051
660119
660225
660401
660470
660727
660804
660811
660894
660918
661160
661175
661226
661282
661293
661307
661344
661372
661708
661749
661846
661915
662042
662087
662134
662153
662164
662199
662255
662484
662519
662529
662574
662608
662710
662887
663065
663487
663713
663740
663923
663972
663995
664166
664168
664200
664223
664356
664583
664666
664777
664882
664913
665211
665277
665385
665408
665600
665631
665847
665897
665913
665951
666055
666071
666114
666140
666167
666168
666285
666304
666393
666434
666502
666511
666632
666747
666794
666940
666945
666965
666985
667010
667020
667027
667033
667246
667259
667334
667339
667428
667533
667611
667637
667654
667787
667917
667948
668158
668218
668298
668327
668365
668377
668473
668539
668713
668725
668890
668975
669019
669049
669197
669276
669407
669465
669538
669618
669817
669935
669939
669947
669970
669979
670092
670204
670251
670257
670318
670340
670528
670567
670590
670641
670660
670708
670719
670804
670876
670997
671107
671186
671348
671352
671483
671490
671558
671980
672063
672081
672202
672228
672237
672238
672284
672363
672406
672539
672557
672676
672687
672692
672696
672768
672774
672866
672972
673066
673086
673628
673743
673806
673814
673826
673834
673962
674083
674135
674199
674258
674323
674376
674432
674718
674727
674853
674856
674988
675252
675254
675295
675416
675492
675508
675643
675720
675779
676010
676091
676110
676236
676248
676272
676370
676465
676573
676592
676787
676806
676849
676956
676977
677040
677196
677204
677365
677533
677638
677654
677688
677804
678004
678270
678724
678903
678912
679260
679534
679729
679822
680098
680593
680692
680835
680852
680903
680970
681178
681268
681275
681301
681309
681342
681589
681669
681731
681743
681788
681835
681880
681882
681964
682019
682054
682276
682278
682295
682364
682408
682537
682704
682958
683000
683005
683033
683619
683677
684098
684126
684187
684274
684446
684485
684543
684550
684559
684609
684725
684815
684865
685083
685108
685265
685314
685374
685381
685402
685436
685458
685550
685581
685810
685859
685877
685915
686026
686100
686103
686357
686371
686422
686524
686600
686621
686829
686846
686851
687135
687292
687304
687387
687662
687729
687787
687877
687983
688076
688089
688149
688228
688242
688314
688507
688537
688673
688738
688745
688868
689070
689105
689131
689181
689235
689358
689434
689472
689480
689615
689749
689791
689983
689999
690056
690081
690262
690348
690577
690592
690617
690643
690689
690745
690801
690812
690935
690938
691100
691174
691206
691243
691469
691474
691504
691511
691713
691817
691874
692236
692248
692435
692474
692476
692497
692511
692573
692627
692678
693123
693328
693391
693439
693575
693587
693596
693666
693680
693709
693963
693965
693989
694008
694049
694093
694144
694307
694335
694394
694488
694581
694616
694701
694755
694924
695048
695241
695264
695287
695458
695508
695530
695599
695607
695662
695667
695731
695734
695953
695992
696103
696294
696349
696431
696534
696798
696942
697107
697112
697254
697280
697309
697351
697381
697432
697436
697554
697762
697856
697953
698044
698059
698086
698137
698166
698188
698295
698437
698465
698503
698631
698667
698765
698852
698865
698911
699144
699170
699212
699289
699349
699525
699555
699576
699579
699724
699761
699997
700032
700471
700564
700673
700675
700907
701327
701499
701547
701552
701568
701676
701689
701705
701833
701869
701928
701933
701941
702017
702025
702167
702329
702813
702872
702963
702975
703041
703072
703281
703427
703765
703904
704028
704033
704084
704324
704385
704557
704573
704675
704698
704954
705037
705156
705167
705211
705241
705286
705335
705436
705504
705523
705632
705673
705726
705866
705895
705927
706065
706118
706280
706324
706393
706418
706587
706636
706715
706738
706873
706919
706959
706982
707013
707171
707321
707331
707352
707463
707724
707751
707756
707768
707788
707790
707850
707904
707927
707930
708147
708169
708229
708242
708277
708280
708293
708377
708397
708430
708543
708778
708862
709057
709279
709350
709472
709593
709682
709876
709907
709939
710062
710101
710210
710218
710345
710628
710662
710758
710774
711002
711588
711649
711760
712018
712175
712177
712209
712257
712298
712620
712769
712801
712858
712923
713004
713006
713059
713098
713243
713274
713565
713642
713668
713806
713917
713951
713978
713993
714017
714021
714112
714210
714218
714226
714289
714410
714413
714449
714542
714558
714914
714999
715056
715136
715287
715298
715299
715414
715449
715543
715589
715733
716329
716361
716456
716463
716531
716542
716591
716623
716771
716802
716937
717022
717073
717161
717223
717465
717598
717688
717690
717749
717761
718037
718071
718138
718139
718297
718390
718693
718718
718726
718887
718889
718963
719026
719170
719212
719250
719268
719295
719385
719386
719390
719713
719795
719849
719991
719998
720249
720311
720441
720464
720486
720530
720553
720615
720661
720699
720893
720897
720933
720972
720988
721004
721007
721029
721072
721291
721308
721390
721566
721657
721774
721866
721911
721949
722001
722175
722258
722328
722341
722408
722419
722432
722598
722761
723038
723067
723206
723480
723495
723514
723515
723697
723716
723765
723817
723827
723830
723832
723971
724101
724232
724319
724363
724497
724664
724851
724878
724879
725147
725156
725179
725207
725213
725270
725294
725305
725307
725326
725327
725424
725430
725445
725496
725505
725611
725903
726025
726154
726168
726179
726403
726586
726696
726738
726756
726822
726930
727076
727226
727289
727580
727790
727807
727915
728034
728162
728261
728356
728402
728636
728658
729008
729052
729113
729120
729307
729541
729658
729975
730060
730288
730369
730739
730766
730920
730980
731024
731188
731366
731417
731507
731617
731622
731683
731821
731841
731957
732035
732077
732196
732543
732573
732597
732684
732805
732861
733178
733318
733410
733684
733696
733700
733925
733966
734124
734127
734307
734618
734836
734853
734866
734936
734995
735140
735159
735173
735224
735331
735535
735622
735649
735710
735734
735784
735810
735939
736121
736174
736331
736334
736453
736472
736480
736532
736552
736706
736816
737300
737336
737364
737414
737445
737466
737529
737719
737783
737827
737847
737863
737893
738362
738370
738408
738450
738457
738459
738480
738482
738494
738565
738674
738899
739043
739262
739456
739459
739513
739548
739691
739732
739845
739849
740007
740199
740241
740366
740517
740524
740656
740664
740699
740720
740841
740951
741022
741054
741128
741163
741266
741331
741417
741479
741530
741548
741602
741619
741626
741652
741657
741699
742051
742101
742119
742157
742177
742286
742321
742344
742368
742442
742447
742564
742687
742743
742876
743119
743124
743206
743286
743298
743399
743552
743590
743606
743617
743955
744166
744261
744339
744559
744710
744782
744799
744818
744839
744905
745098
745103
745127
745224
745253
745443
745504
745528
745624
745702
745769
745878
746410
746418
746422
746427
746604
746871
746980
747074
747414
747465
747471
747637
747738
747781
747876
747961
748015
748068
748151
748203
748921
748978
749034
749130
749561
749646
749699
749710
749768
750040
750136
750145
750240
750464
750472
750741
750862
751062
751083
751245
751408
751448
751519
751613
751684
751726
751727
751988
752042
752064
752082
752128
752216
752362
752578
752604
752666
752880
753039
753072
753102
753266
753275
753283
753629
753836
754090
754093
754285
754323
754603
754638
754645
754837
754872
754927
755043
755169
755339
755382
755440
755446
755467
755567
755697
755827
756098
756155
756162
756245
756373
756374
756478
756564
756590
756679
756863
756870
756885
756955
756976
757049
757183
757184
757218
757240
757434
757546
757590
757722
757828
757837
757919
757959
757975
758073
758112
758156
758464
758575
758677
758916
758960
759000
759042
759072
759377
759382
759400
759506
759514
759567
759785
759796
759891
759937
759946
760229
760256
760316
760369
760488
760509
760656
760721
760776
760916
760981
761127
761136
761145
761159
761162
761179
761181
761263
761314
761362
761560
761605
761706
761728
761784
761865
761980
762164
762408
762439
762512
762669
762701
762716
762780
762782
762832
762837
763077
763085
763112
763216
763251
763329
763447
763468
763540
763914
763967
764215
764329
764346
764470
764576
764589
764674
764723
764731
764773
764894
764926
764981
764997
765184
765319
765602
765638
765730
765876
765924
766044
766046
766125
766211
766274
766288
766464
766474
766525
766551
766561
766724
766733
766857
766862
767094
767115
767131
767171
767228
767321
767360
767384
767472
767771
767905
768150
768222
768293
768336
768351
768442
768469
768530
768567
768610
768659
768703
768853
768980
769058
769090
769134
769177
769218
769220
769313
769351
769353
769386
769394
769495
769811
769828
769899
769938
770109
770441
770827
770891
770988
771011
771087
771155
771276
771391
771413
771524
771529
771557
771622
771679
771708
771759
771780
771945
771975
772087
772091
772233
772303
772440
772472
772520
772552
772695
772860
772993
773161
773288
773385
773612
773689
773700
773810
773816
773933
774027
774048
774224
774238
774266
774451
774576
774735
774780
775006
775196
775407
775437
775577
775853
775881
775939
776055
776075
776086
776288
776313
776390
776409
776579
776592
776686
776724
776954
776992
777019
777196
777219
777617
777623
777747
777873
777938
777973
778109
778270
778291
778352
778635
778642
778728
778750
778811
778889
779016
779022
779125
779163
779186
779307
779314
779361
779417
779465
779466
779506
779524
779610
779853
779861
780110
780213
780293
780364
780511
780619
780631
780958
780969
780976
780994
781135
781142
781187
781273
781377
781639
781683
781686
781868
781889
781950
782006
782082
782114
782136
782162
782315
782332
782382
782422
782588
782697
782736
782750
782881
782898
782936
782968
783077
783113
783242
783260
783322
783554
783580
783596
783599
783603
783700
783716
783944
783958
783980
784095
784117
784182
784503
784810
784862
784914
784982
785012
785132
785199
785232
785261
785322
785392
785405
785406
785464
785530
785632
785707
785806
785812
786101
786272
786278
786308
786500
786978
787012
787206
787243
787284
787343
787559
787682
787687
787738
787740
787832
787925
788041
788050
788185
788249
788467
788772
788785
788925
788941
788943
789063
789113
789207
789228
789274
789412
789450
789506
789534
789574
789629
789827
790139
790351
790494
790660
790692
790909
790915
790923
790955
790995
791001
791056
791206
791374
791402
791529
791542
791666
791717
791729
791933
791941
791979
791982
792010
792278
792344
792353
792403
792554
792576
792742
792749
792916
792966
793097
793120
793196
793565
793672
793895
794008
794110
794158
794181
794318
794453
794461
794524
794529
794638
794680
794721
794750
794814
794830
794874
794893
795160
795234
795240
795309
795343
795399
795410
795432
795492
795547
795553
795570
795574
795667
795790
795889
795892
795944
795985
796029
796131
796137
796190
796410
796414
796416
796560
796644
796649
796664
796712
796721
796790
796950
796963
797238
797370
797381
797536
797543
797641
797648
797650
797684
797837
797858
797982
798017
798269
798278
798326
798458
798463
798786
798884
798967
799235
799236
799530
799814
799882
799928
800054
800083
800139
800277
800558
800681
800683
800791
800810
800830
801010
801099
801200
801253
801333
801400
801416
801493
801557
801585
801631
802019
802035
802183
802211
802291
802404
802438
802441
802616
802654
802661
802755
802793
802809
802816
802896
803083
803301
803533
803628
803633
803639
803801
803804
804028
804180
804293
804340
804595
805020
805242
805263
805282
805331
805701
805978
806030
806094
806129
806236
806256
806304
806499
806578
806684
806765
806904
807014
807083
807085
807129
807325
807555
807674
807715
807837
808198
808332
808384
808405
808434
808507
808514
808692
808816
808986
809065
809133
809173
809205
809228
809355
809416
809611
809694
809729
810254
810269
810396
810491
810758
810775
810967
811097
811136
811281
811370
811386
811490
811601
811663
811719
811819
812014
812147
812227
812333
812337
812381
812414
812786
812847
812866
812907
812933
812944
813361
813536
813861
813942
813980
814070
814107
814200
814264
814336
814409
814431
814447
814499
814609
814636
814701
814713
814845
815091
815168
815312
815314
815364
815496
815610
815783
815861
815910
816186
816353
816436
816573
816663
816732
816807
816893
816950
817043
817046
817248
817288
817325
817353
817594
817826
817855
817861
817882
818007
818235
818251
818680
818818
818823
819066
819211
819463
819518
819676
819677
819717
819724
819763
819964
820093
820124
820154
820236
820306
820362
820388
820616
820654
820863
820943
821484
821490
821626
821797
821912
822020
822027
822185
822419
822488
822552
822572
822589
822610
822816
822876
823094
823145
823174
823200
823462
823496
823641
823763
823864
824124
824192
824289
824363
824448
824488
824490
824527
824768
824908
825271
825304
825346
825379
825462
825501
825538
825540
825629
825644
825657
825759
825805
825845
825850
825860
825868
825870
826020
826355
826491
826568
826725
826869
826876
826997
827026
827383
827403
827453
827708
827808
827887
827991
828277
828325
828351
828396
828524
828597
828614
828713
828778
828802
828910
828974
829436
829499
829551
829733
829956
830083
830152
830200
830243
830355
830358
830372
830416
830502
830550
830694
830773
830787
830829
830844
831060
831478
831486
831518
831557
831643
831785
832162
832196
832238
832253
832291
832400
832524
832720
832749
832790
832856
832866
833390
833498
833609
833649
833700
833802
833931
833943
834093
834124
834174
834224
834258
834286
834316
834528
834599
834624
834711
834908
834919
835032
835323
835400
835411
835613
835629
835723
835743
835790
835859
835883
835913
835929
836012
836188
836209
836214
836288
836308
836321
836346
836365
836633
836732
836757
836760
836983
837038
837078
837128
837132
837185
837233
837264
837450
837471
837747
837781
837807
837831
838007
838024
838078
838079
838223
838349
838518
838523
838528
838778
839231
839250
839314
839362
839485
839532
839729
839872
840008
840010
840101
840119
840122
840152
840159
840176
840190
840203
840331
840525
840591
840661
841224
841288
841339
841375
841379
841565
841663
841720
841769
841888
841973
842006
842025
842129
842176
842309
842318
842326
842333
842334
842554
842607
842774
842828
842916
843015
843067
843142
843145
843325
843388
843418
843450
843605
843614
843633
843741
843742
843884
843907
843952
843965
844044
844083
844285
844410
844526
844591
844622
844648
844808
844895
845021
845078
845120
845133
845214
845270
845430
845587
845698
845791
845811
845831
845890
845956
846008
846059
846166
846221
846281
846347
846429
846479
846482
846623
846641
846915
847158
847223
847291
847307
847502
847541
847566
847587
847649
847711
847763
847829
847915
847945
848211
848540
848612
848616
848701
848757
848829
849015
849034
849182
849220
849277
849484
849515
849531
849593
849652
849861
849874
849984
850057
850069
850091
850204
850273
850389
851226
851249
851329
851347
851388
851645
851649
851708
851874
851887
851975
852030
852226
852333
852480
852491
852697
852898
853098
853151
853325
853373
853394
853467
853633
853954
854065
854079
854191
854265
854277
854292
854369
854414
854543
854551
854669
854767
855013
855080
855116
855184
855236
855315
855340
855446
855527
855539
855806
855927
855936
856085
856155
856349
856357
856409
856505
856564
856599
856655
856773
856808
856847
856865
856893
856950
857198
857280
857318
857381
857586
857615
857698
857708
857870
857996
858115
858191
858205
858522
858565
859030
859035
859098
859155
859199
859260
859502
859517
859521
859735
859845
859966
860011
860072
860136
860191
860274
860409
860448
860681
860684
860709
860951
861054
861087
861140
861213
861236
861424
861446
861477
861483
861659
861675
861754
861821
861875
861934
861952
861963
862150
862262
862469
862506
862524
862538
862570
862694
862825
862839
862922
863297
863304
863347
863580
863759
863776
863877
863915
863999
864514
864618
864679
864821
864977
865287
865319
865337
865454
865742
865762
865800
865855
865913
865918
866164
866204
866209
866231
866392
866409
866894
866915
866919
866964
867029
867201
867229
867272
867461
867592
867638
867794
867921
868114
868156
868225
868275
868330
868351
868389
868424
868431
868494
868730
868770
868820
868859
868870
868935
868984
869000
869068
869214
869355
869482
869653
869742
869758
870013
870114
870272
870387
870394
870517
870658
870721
870737
870788
870900
870911
871009
871196
871229
871315
871331
871368
871480
871663
871805
871811
871851
871870
871898
872352
872684
872904
873050
873142
873375
873377
873482
873564
873592
873743
873814
873818
873956
873966
874121
874247
874269
874319
874474
874477
874503
874597
874624
874668
874834
874889
874980
875049
875232
875263
875309
875419
875622
875756
875780
875872
875936
875941
875956
876037
876187
876191
876429
876467
876534
876560
876653
876667
876816
877056
877113
877122
877191
877231
877355
877566
877619
877653
877672
877755
877779
877781
877934
877958
878107
878329
878445
878588
878694
878714
878737
878780
878939
879044
879355
879402
879404
879711
879736
879829
879838
879999
880050
880125
880137
880177
880231
880245
880385
880436
880555
880657
880777
880807
880823
880864
880876
880886
881145
881156
881378
881398
881402
881517
881540
881611
882159
882453
882548
882590
882636
882712
882725
882733
882869
882954
882983
883037
883089
883104
883201
883287
883349
883352
883353
883360
883438
883448
883588
883592
883660
883683
883784
883858
883901
883905
883925
883944
884005
884039
884109
884114
884189
884221
884280
884282
884674
884740
884756
884793
884852
885078
885477
885498
885682
885784
885794
885937
886245
886277
886341
886342
886452
886610
886616
886832
886890
886923
886965
886997
887040
887207
887240
887289
887298
887370
887407
887592
887662
887779
887803
887823
887884
888045
888183
888288
888408
888429
888604
888826
888880
888935
889104
889128
889210
889243
889262
889453
889482
889495
889569
889617
889651
889655
889711
889717
889825
889877
889917
890093
890179
890267
890325
890335
890345
890418
890423
890619
890716
890786
890887
890935
891013
891098
891140
891386
891530
891562
891829
891832
891857
891901
891912
891957
891960
891996
892073
892076
892107
892118
892121
892310
892315
892351
892352
892380
892502
892555
892589
892727
892798
892830
892990
893054
893130
893140
893150
893329
893331
893395
893430
893572
893573
893858
893966
894071
894153
894282
894555
894731
894770
894784
894893
895037
895130
895207
895216
895802
895846
895854
895912
895939
896035
896049
896214
896264
896453
896517
896573
896661
896701
896727
896736
896820
896824
897212
897276
897286
897347
897457
897482
897488
897593
897663
897710
897712
897761
897940
898071
898246
898381
898384
898483
898541
898571
898886
898892
899001
899113
899280
899382
899415
899439
899575
899592
899722
899967
899983
900176
900231
900298
900380
900443
900468
900633
900800
900888
900965
900987
901017
901092
901154
901241
901306
901331
901366
901437
901476
901664
901739
901768
901996
901997
902023
902202
902425
902457
902478
902536
902568
902708
902757
902813
902833
902862
902910
902911
902935
903051
903321
903405
903435
903460
903508
903638
903937
903951
904031
904138
904154
904196
904206
904221
904232
904336
904398
904471
904681
904746
904822
904909
904999
905050
905082
905161
905166
905306
905314
905330
905453
905524
906006
906110
906157
906160
906162
906172
906221
906332
906333
906341
906404
906558
906608
906674
906786
907102
907152
907159
907367
907474
907547
907582
907618
907624
907918
908150
908402
908415
908932
908950
909029
909088
909139
909253
909278
909364
909432
909530
909648
909680
909854
910043
910054
910172
910290
910419
910462
910573
910661
910842
910852
910868
910965
910990
911130
911134
911237
911327
911465
911478
911493
911513
911543
911581
911608
911857
911979
912141
912159
912238
912480
912522
912607
912629
912670
912997
913268
913290
913323
913373
913403
913435
913489
913510
913643
913820
913991
914236
914271
914293
914295
914408
914504
914902
915056
915095
915132
915172
915317
915344
915746
915845
916197
916309
916414
916418
916631
916655
916684
916701
917318
917322
917440
917466
917816
918054
918084
918205
918262
918309
918330
918552
918589
918640
918660
918690
918818
918822
919079
919194
919345
919434
919542
919677
919684
919852
919995
920223
920402
920740
920815
920898
920953
920956
920970
921017
921154
921452
921579
921619
921646
921677
921808
921856
921911
921976
922299
922331
922336
922382
922422
922632
922670
922756
922793
922803
923000
923088
923238
923249
923350
923433
923569
923736
923798
923803
923840
923866
924000
924026
924114
924206
924436
924441
924700
924793
924823
924869
925232
925259
925310
925349
925406
925417
925437
925447
925494
925499
925563
925570
925650
925664
925726
925841
925868
925897
925937
925973
926060
926074
926178
926187
926214
926264
926380
926613
926623
926673
926679
926703
926704
926734
926843
927105
927445
927628
928174
928201
928483
928514
928561
928585
928697
928708
928782
928798
928846
928993
929011
929034
929058
929078
929098
929143
929217
929249
929379
929434
929514
929523
929575
929623
929812
929836
929903
929915
929979
930074
930222
930656
930672
930741
930941
930981
931036
931111
931203
931297
931308
931318
931349
931427
931529
931673
931795
931973
932057
932082
932154
932388
932405
932466
932483
932630
932639
932807
932878
933018
933045
933171
933330
933348
933392
933659
933743
933914
933996
934050
934110
934250
934285
934291
934356
934427
934430
934457
934511
934650
934680
935049
935200
935741
935883
935886
936051
936097
936168
936294
936538
936613
936797
936833
936896
936985
937044
937133
937152
937162
937421
937499
937558
937599
937681
938053
938333
938352
938390
938477
938479
938484
938523
938594
938634
938845
938962
939069
939075
939230
939379
939413
939570
939780
939796
940060
940212
940321
940405
940448
940463
940524
940529
940607
940704
940989
941210
941229
941290
941303
941405
941647
941821
941875
942093
942150
942189
942201
942284
942367
942486
942562
942626
942635
942724
943245
943261
943280
943396
943403
943461
943555
943678
943698
943709
943946
944026
944064
944110
944347
944421
944442
944480
944559
944586
944639
944678
944834
944877
944959
944974
945020
945038
945052
945088
945146
945204
945222
945384
945697
945765
945871
946045
946150
946153
946231
946274
946442
946518
946584
946664
946686
946743
946747
946774
946888
946941
947038
947114
947118
947149
947426
947462
947684
947922
948153
948231
948305
948336
948473
948637
948665
948841
948915
949004
949181
949354
949402
949612
949721
949783
949845
950198
950292
950423
950486
950688
950772
950794
950821
950879
950885
950943
951264
951273
951298
951322
951398
951400
951426
951524
951525
951720
951809
951869
951918
952046
952082
952227
952233
952259
952378
952542
952808
952809
952844
952964
952965
953028
953115
953150
953209
953296
953494
953683
953761
953840
953928
953933
953988
954047
954126
954154
954186
954311
954377
954433
954509
954597
954937
955042
955055
955272
955380
955478
955684
955726
955772
955862
956118
956158
956190
956219
956240
956561
956592
956608
956910
956930
957030
957034
957044
957178
957211
957240
957274
957341
957356
957471
957527
957585
957586
957591
958026
958066
958159
958194
958256
958280
958493
958560
958582
958655
958752
958788
959139
959174
959364
959397
959427
959429
959484
959609
959784
959827
959935
959958
960014
960057
960182
960284
960339
960481
960593
960725
960774
960802
960875
960903
961007
961102
961299
961330
961745
961746
961811
961858
961876
962038
962040
962066
962130
962174
962264
962269
962402
962436
962645
962776
962802
963070
963078
963228
963247
963307
963435
963444
963471
963812
963899
963937
963941
963979
963993
964015
964019
964022
964048
964064
964461
964553
964563
964676
964962
965107
965193
965206
965232
965239
965352
965390
965430
965487
965533
965542
965546
965809
965841
965858
965859
966146
966211
966249
966321
966384
966394
966445
966483
966698
966807
966900
966905
966922
966953
966972
967443
967447
967472
967516
967522
967538
967563
967568
967618
967650
967662
967858
967894
967923
967938
967961
967979
967984
968405
968515
968618
968634
968746
968792
968797
968934
968993
969002
969014
969067
969148
969259
969282
969303
969330
969374
969442
969503
969567
969601
969732
969810
969820
969889
969905
970047
970087
970410
970437
970517
970543
970634
970671
970751
970833
970878
970897
970924
971080
971081
971131
971325
971375
971454
971473
971573
971637
971796
971822
971826
971856
971938
972139
972176
972200
972405
972476
972605
972681
972746
972756
972937
973049
973075
973109
973240
973286
973355
973401
973472
973495
973500
973603
973625
973654
973696
973924
974117
974351
974355
974481
974719
974851
975204
975216
975231
975243
975253
975331
975376
975423
975435
975444
975534
975568
975622
975718
975779
975972
975987
976126
976637
976699
976746
976951
976967
976976
976991
977002
977080
977121
977148
977772
977787
977855
977899
977905
977932
977967
978028
978062
978093
978309
978355
978416
978461
978511
978600
978616
978652
978692
978697
978790
978821
978854
978880
978958
979161
979168
979284
979313
979330
979403
979497
979568
979643
979710
979873
980043
980070
980104
980106
980325
980409
980435
980526
980622
980749
980793
980846
980942
981503
981603
981696
981770
982058
982123
982313
982383
982397
982734
982735
982747
982779
982905
982990
983210
983267
983427
983688
983736
984069
984397
984410
984637
984809
984965
984996
985035
985109
985475
985558
985820
985862
986000
986053
986090
986113
986152
986291
986353
986378
986452
986453
986481
986483
986582
986607
986753
986950
987064
987133
987415
987635
987656
987675
987932
987988
988117
988130
988244
988909
988988
989003
989042
989200
989211
989228
989309
989310
989336
989340
989483
989515
990001
990054
990084
990171
990270
990283
990357
990533
990540
990655
990687
990816
990836
991011
991105
991233
991258
991325
991345
991624
991627
991633
991837
991847
991864
991901
991965
992088
992187
992268
992308
992353
992412
992566
992645
992676
992729
992949
993142
993247
993303
993339
993437
993623
993768
993801
993826
993859
993870
994055
994457
994466
994566
994669
994687
994693
994764
994768
994772
994797
994916
994917
994973
995068
995142
995642
995740
995758
995870
995871
995905
995963
995988
996075
996243
996319
996322
996374
996451
996455
996460
996556
996574
996753
996924
996975
996988
997249
997319
997723
997748
997948
998172
998205
998252
998430
998451
998456
998548
998770
998888
998951
998958
999034
999035
999056
999155
999201
999273
999276
999315
999428
999456
999673
999717
999815
999824
999908
999999
